7.1568
7.1779
7.1707
7.1596
7.1653
7.1862
7.1838
7.1906
7.2034
7.2066
7.2142
7.2077
7.1918
7.1875
7.1846
7.162
7.1749
7.1975
7.2144
7.2129
7.2153
7.2173
7.2085
7.2025
7.1968
7.2113
7.1944
7.2059
7.1945
7.2041
7.2006
7.212
7.2182
7.2208
7.1988
7.2
7.1954
7.2036
7.1996
7.1932
7.1752
7.158
7.1738
7.1557
7.1715
7.1657
7.1661
7.1698
7.1912
7.1963
7.1834
7.1844
7.1723
7.1652
7.1655
7.171
7.1932
7.2004
7.2025
7.2071
7.1973
7.1952
7.1822
7.1818
7.1939
7.2089
7.2245
7.2305
7.2379
7.2357
7.2413
7.2402
7.2466
7.2436
7.2396
7.2429
7.2511
7.2576
7.2497
7.2277
7.2293
7.216
7.213
7.2062
7.2173
7.2192
7.2012
7.192
7.1915
7.187
7.1742
7.1806
7.1703
7.1684
7.1557
7.1716
7.1687
7.1912
7.1935
7.2035
7.1951
7.1881
7.1979
7.2154
7.2178
7.2311
7.2167
7.2066
7.1884
7.1857
7.1937
7.1847
7.2132
7.2082
7.2035
7.2061
7.2091
7.2035
7.1977
7.1838
7.1842
7.197
7.1971
7.1759
7.1782
7.1549
7.1526
7.1572
7.1563
7.1455
7.1567
7.1568
7.1737
7.1712
7.1895
7.1836
7.1975
7.1968
7.1801
7.1589
7.1573
7.1288
7.1342
7.1399
7.162
7.1574
7.1714
7.1652
7.1561
7.1676
7.2022
7.2174
7.2109
7.2062
7.2115
7.2172
7.2227
7.2277
7.2191
7.2251
7.2309
7.2414
7.2402
7.2585
7.2518
7.2619
7.2598
7.2591
7.2475
7.2564
7.256
7.2498
7.2363
7.2426
7.2507
7.2677
7.2608
7.2508
7.247
7.25
7.2563
7.255
7.2465
7.2537
7.2576
7.2591
7.2571
7.2678
7.2697
7.2851
7.2842
7.2846
7.2886
7.2892
7.2925
7.2829
7.2438
7.2457
7.2467
7.2734
7.2845
7.2714
7.267
7.2791
7.2897
7.2829
7.2834
7.2763
7.2733
7.2453
7.2514
7.2471
7.2432
7.2154
7.2403
7.2508
7.2507
7.2619
7.2615
7.2614
7.2736
7.2526
7.2562
7.235
7.237
7.2457
7.2354
7.2358
7.205
7.2095
7.2157
7.2104
7.1955
7.2064
7.2199
7.2293
7.2311
7.2508
7.238
7.212
7.2202
7.2454
7.2407
7.2325
7.2146
7.2386
7.2851
7.2892
7.2839
7.3091
7.3136
7.3313
7.3314
7.329
7.3184
7.3189
7.3051
7.3123
7.3172
7.3097
7.3048
7.3141
7.3241
7.3162
7.3136
7.2911
7.2728
7.2127
7.2453
7.2735
7.2637
7.2686
7.2653
7.2981
7.2869
7.2896
7.281
7.2918
7.2768
7.255
7.251
7.2673
7.2613
7.2529
7.232
7.2498
7.2591
7.2809
7.2903
7.2778
7.2705
7.2492
7.2447
7.2254
7.2435
7.2309
7.2284
7.2601
7.2588
7.2785
7.2979
7.2914
7.2847
7.2939
7.2873
7.2841
7.2766
7.2926
7.2934
7.2989
7.2892
7.3038
7.2971
7.2992
7.2808
7.2734
7.283
7.2797
7.2826
7.2741
7.2825
7.2927
7.2767
7.2839
7.2991
7.2968
7.3004
7.3085
7.3104
7.3199
7.3202
7.309
7.3011
7.3103
7.2999
7.2891
7.2961
7.281
7.2791
7.2583
7.266
7.2711
7.2715
7.2811
7.2882
7.2993
7.3017
7.295
7.2864
7.2943
7.3076
7.3028
7.2997
7.3106
7.3077
7.3129
7.312
7.3172
7.3187
7.3175
7.3226
7.3198
7.3149
7.3249
7.327
7.3179
7.308
7.3149
7.3095
7.306
7.3011
7.3031
7.3004
7.2902
7.2755
7.2861
7.2802
7.2787
7.2784
7.2717
7.2635
7.263
7.285
7.27
7.2698
7.263
7.2684
7.2698
7.2506
7.2457
7.2349
7.2186
7.1928
7.2256
7.2259
7.2078
7.202
7.2362
7.242
7.2412
7.2429
7.2188
7.2185
7.2295
7.2433
7.265
7.2593
7.2643
7.2631
7.267
7.2667
7.2508
7.2443
7.2196
7.2088
7.232
7.2369
7.2243
7.2209
7.2024
7.2059
7.1872
7.2017
7.2071
7.1975
7.2019
7.1816
7.1818
7.1891
7.2273
7.2089
7.2031
7.2225
7.23
7.2234
7.2152
7.2011
7.1794
7.1875
7.1744
7.1426
7.1506
7.1747
7.1817
7.1921
7.1961
7.1856
7.1572
7.2061
7.1954
7.1688
7.1669
7.1707
7.1803
7.1905
7.1843
7.1904
7.1925
7.2064
7.2023
7.2026
7.2155
7.2184
7.2134
7.2115
7.2183
7.2253
7.2196
7.2251
7.2075
7.211
7.2095
7.2011
7.1948
7.1814
7.1932
7.1845
7.1823
7.1904
7.1713
7.1538
7.1351
7.1332
7.1276
7.1449
7.1372
7.1228
7.1239
7.1182
7.124
7.1339
7.1404
7.1426
7.1175
7.0734
7.0881
7.0619
7.0678
7.048
7.0655
7.0411
7.023
7.0189
7.0386
7.0499
7.0751
7.0504
7.0457
7.0565
7.0439
7.0089
7.006
7.0488
7.0286
7.0367
7.0634
7.0612
7.0762
7.073
7.0832
7.1214
7.1338
7.1253
7.1102
7.0979
7.1138
7.1184
7.1333
7.1305
7.144
7.1447
7.1298
7.1441
7.1416
7.1398
7.1353
7.135
7.1274
7.13
7.1305
7.1585
7.1612
7.1639
7.1799
7.1773
7.1617
7.1649
7.153
7.1451
7.1294
7.1355
7.1394
7.1445
7.1574
7.1468
7.1522
7.1428
7.1344
7.1356
7.1242
7.1065
7.102
7.0971
7.1005
7.1092
7.1205
7.111
7.1055
7.1039
7.0993
7.1117
7.1102
7.1202
7.1184
7.106
7.0822
7.0891
7.0746
7.0734
7.0968
7.1031
7.0921
7.102
7.0965
7.1025
7.0991
7.0826
7.0662
7.0821
7.0925
7.0949
7.0938
7.0994
7.1033
7.1072
7.102
7.0905
7.0937
7.0763
7.0762
7.0818
7.0828
7.079
7.0716
7.0747
7.0579
7.066
7.0538
7.0607
7.058
7.0774
7.0726
7.0575
7.0463
7.0291
7.0331
7.0326
7.0315
7.0089
6.9901
6.9963
6.9458
6.94
6.9237
6.8922
6.873
6.9112
6.92
6.9148
6.9262
6.9479
6.9456
6.9578
6.9775
6.9751
6.9767
6.9683
6.963
6.9856
7.0007
6.9954
6.9939
7.0008
6.982
6.9741
6.9787
6.9938
6.9891
6.9895
7.0031
7.0072
6.9831
6.9658
6.9658
6.9885
6.9914
7.0056
7.0201
7.0173
7.0198
7.0214
7.0196
7.038
7.0398
7.0407
7.0376
7.0484
7.0411
7.0362
7.0478
7.0539
7.0471
7.0287
7.039
7.0383
7.0299
7.043
7.0651
7.0623
7.0547
7.0387
7.0359
7.0362
7.0205
7.0238
7.0338
7.0413
7.0471
7.0387
7.0431
7.0429
7.047
7.0537
7.0571
7.0458
7.0516
7.0607
7.0669
7.0604
7.0568
7.052
7.0532
7.0437
7.0374
7.0442
7.0278
7.0378
7.0278
7.0205
7.0284
7.0319
7.0329
7.0327
7.0036
7.0153
7.0301
7.023
6.998
6.994
6.988
6.9849
6.9996
7.0139
7.0099
7.0198
7.0179
7.0069
6.9878
7.0012
6.9856
6.9938
7.0116
7.0116
7.012
7.0092
7.0315
7.0509
7.0442
7.0586
7.0541
7.0599
7.0633
7.061
7.0511
7.0502
7.0615
7.0609
7.065
7.0491
7.0506
7.0464
7.0316
7.0375
7.0428
7.0452
7.0445
7.0359
7.0259
7.0267
7.0235
7.0258
7.0191
7.0304
7.0064
7.013
7.0054
7.0285
7.0265
7.0251
7.0257
7.0102
7.0039
6.9968
6.9953
6.9813
6.9712
6.9819
6.9907
6.9889
6.9786
6.9591
6.9561
6.9929
6.9782
6.9613
6.9797
7.0006
6.9949
7.0015
7.009
6.9957
6.9846
6.9903
7.0004
6.9882
6.9797
6.9732
6.9704
6.9727
6.9476
6.9476
6.9565
6.9365
6.9349
6.938
6.9213
6.9278
6.9173
6.915
6.9433
6.9442
6.9275
6.914
6.8968
6.9004
6.8836
6.8809
6.8984
6.8975
6.8759
6.8544
6.8607
6.8967
6.8845
6.8594
6.8249
6.8324
6.8259
6.8221
6.8034
6.8091
6.7817
6.7426
6.7091
6.6817
6.7375
6.7318
6.7486
6.8012
6.8055
6.8152
6.7852
6.7619
6.727
6.7564
6.7762
6.8084
6.8119
6.8066
6.7847
6.824
6.8355
6.8339
6.8572
6.8431
6.8558
6.8697
6.8468
6.8543
6.8404
6.8221
6.822
6.8201
6.7777
6.795
6.779
6.7956
6.8057
6.813
6.8128
6.7877
6.791
6.7925
6.7725
6.7679
6.7373
6.7398
6.7259
6.7084
6.733
6.751
6.7183
6.7035
6.7428
6.7189
6.708
6.6853
6.666
6.6828
6.6551
6.6895
6.7278
6.7351
6.7814
6.757
6.779
6.7849
6.8021
6.7914
6.7981
6.7828
6.7998
6.7915
6.7824
6.792
6.7864
6.8035
6.8116
6.8194
6.8285
6.8053
6.7965
6.7756
6.7833
6.7828
6.8071
6.8133
6.8028
6.7988
6.818
6.8392
6.8358
6.8383
6.8171
6.8447
6.8419
6.84
6.8252
6.8217
6.8096
6.8159
6.7935
6.8073
6.8079
6.8041
6.7906
6.8139
6.8057
6.7925
6.7847
6.7977
6.7995
6.794
6.7908
6.7747
6.7792
6.7797
6.8124
6.8119
6.8341
6.8276
6.8134
6.8326
6.8326
6.8312
6.837
6.8224
6.8185
6.8044
6.7885
6.7781
6.7882
6.7586
6.7423
6.7552
6.762
6.7389
6.7519
6.7573
6.7431
6.7377
6.7312
6.7211
6.7286
6.7205
6.7077
6.7061
6.7273
6.7466
6.7395
6.7299
6.7431
6.7245
6.7317
6.7185
6.7302
6.7348
6.7272
6.7117
6.7212
6.7119
6.7201
6.6939
6.6855
6.6898
6.7237
6.7254
6.7602
6.7644
6.7731
6.775
6.7977
6.7618
6.7739
6.7684
6.7668
6.761
6.7431
6.7552
6.7809
6.7759
6.7786
6.7798
6.778
6.7639
6.7703
6.7665
6.7858
6.7921
6.7798
6.7952
6.7935
6.8149
6.8233
6.815
6.8011
6.8187
6.822
6.821
6.8203
6.8353
6.8315
6.8399
6.8348
6.8247
6.8388
6.8513
6.8483
6.8451
6.853
6.8504
6.8252
6.8241
6.8281
6.8372
6.8386
6.858
6.8598
6.8561
6.8707
6.8742
6.8789
6.8939
6.8978
6.8954
6.8834
6.8925
6.9052
6.9063
6.8963
6.9184
6.9193
6.9178
6.9024
6.9034
6.8892
6.8911
6.8828
6.8935
6.8837
6.8819
6.8899
6.9015
6.8934
6.9122
6.9156
6.91
6.8964
6.9059
6.9116
6.9082
6.9018
6.8893
6.9011
6.8863
6.8958
6.8963
6.8892
6.9064
6.9043
6.897
6.8952
6.898
6.8877
6.8904
6.8726
6.8743
6.8815
6.8851
6.8882
6.8981
6.8917
6.8982
6.8984
6.9075
6.9101
6.9081
6.911
6.9008
6.9014
6.9045
6.9045
6.9106
6.9157
6.9295
6.9337
6.9353
6.9289
6.9389
6.9307
6.9186
6.924
6.9262
6.9225
6.9367
6.9334
6.9466
6.9434
6.9303
6.9364
6.9171
6.911
6.9046
6.9143
6.9037
6.9258
6.9278
6.9372
6.9415
6.9463
6.941
6.9458
6.9451
6.9521
6.9561
6.9535
6.9566
6.9463
6.9515
6.9528
6.9377
6.941
6.9363
6.9384
6.9535
6.9547
6.9536
6.9572
6.9651
6.9596
6.9583
6.9642
6.9596
6.9538
6.9533
6.9646
6.9645
6.9569
6.9505
6.9413
6.9493
6.9409
6.9424
6.9585
6.9602
6.9646
6.9643
6.9755
6.9723
6.9705
6.9752
6.9674
6.9748
6.9662
6.9651
6.9765
6.9793
6.9736
6.9802
6.9815
6.9932
6.9927
6.9966
6.9994
6.9976
6.9993
7.0116
7.0118
7.0138
7.0107
7.0231
7.0244
7.0267
7.0317
7.0227
7.0275
7.0222
7.0304
7.0318
7.0386
7.0377
7.0454
7.0422
7.0401
7.0522
7.0423
7.0286
7.0336
7.031
7.0346
7.0353
7.0269
7.0287
7.0412
7.0386
7.0436
7.0542
7.0494
7.0439
7.0536
7.0491
7.045
7.0424
7.0397
7.038
7.042
7.0431
7.0431
7.0527
7.0467
7.0484
7.0517
7.0535
7.0451
7.0393
7.0246
7.0092
7.0216
7.0071
7.0127
7.0244
7.0232
7.0119
6.9989
6.9976
6.9952
7.0114
7.0104
7.0233
7.0273
7.0266
7.0319
7.0404
7.048
7.0459
7.0392
7.0382
7.0433
7.0295
7.0284
7.0289
7.034
7.0351
7.0194
7.0247
7.0387
7.0393
7.0349
7.0371
7.0232
7.0156
7.0097
7.0188
7.0207
7.0224
7.0157
7.0019
6.9913
6.9989
7.0006
6.9998
6.9991
6.9885
6.9953
6.9927
6.9932
6.9972
6.9989
7.0149
7.0166
7.0222
7.0217
7.0222
7.0255
7.0181
7.0233
7.0392
7.0407
7.0311
7.0357
7.0258
7.0318
7.0331
7.0318
7.0344
7.0302
7.0339
7.0423
7.0394
7.0339
7.0329
7.0354
7.0395
7.029
7.0259
7.0177
7.0196
7.0113
7.0146
7.016
7.0167
7.0134
7.0091
7.0043
7.0039
7.0109
6.9975
7.0002
6.9904
6.9885
6.9984
6.9989
7.0035
7.0046
7.0091
7.0028
7.0018
6.9854
6.9698
6.9709
6.9838
6.9808
6.9691
6.9705
6.9841
6.9863
6.9987
6.9951
7.0016
6.9991
6.9996
7.0076
7.0077
7.0101
7.0023
7.0069
7.0084
7.0196
7.0154
7.0222
7.0177
7.0196
7.0246
7.0263
7.0285
7.0214
7.0242
7.0287
7.023
7.0294
7.0153
7.0106
7.0122
7.0063
7.0122
7.0164
7.0162
7.0313
7.0345
7.0339
7.0406
7.0305
7.023
7.025
7.0227
7.0154
7.0061
7.0105
7.0157
7.006
7.0064
7.0089
6.9992
6.9983
7.0131
7.0259
7.0277
7.0301
7.0304
7.0305
7.0416
7.0576
7.0615
7.0604
7.0597
7.0587
7.0677
7.0768
7.0765
7.0694
7.0749
7.0763
7.065
7.0709
7.0707
7.0748
7.0755
7.0721
7.068
7.0829
7.082
7.0827
7.0819
7.0708
7.0756
7.0811
7.08
7.089
7.0929
7.0948
7.0927
7.0852
7.0856
7.0946
7.098
7.0985
7.0942
7.1013
7.1012
7.1013
7.1
7.0918
7.0801
7.0764
7.0799
7.0785
7.0819
7.0758
7.0798
7.0711
7.0771
7.0867
7.0772
7.0694
7.0629
7.0594
7.0634
7.0682
7.0686
7.0659
7.0743
7.0812
7.0844
7.0816
7.0926
7.0915
7.092
7.0834
7.0876
7.0945
7.0952
7.0985
7.0987
7.0907
7.0914
7.0768
7.0824
7.0902
7.0995
7.0931
7.0987
7.0984
7.0988
7.1083
7.1109
7.1061
7.0959
7.0978
7.0901
7.0958
7.0882
7.0801
7.0819
7.0814
7.0765
7.0662
7.0669
7.066
7.0684
7.0608
7.0745
7.0738
7.0673
7.07
7.0744
7.0767
7.0827
7.0743
7.0743
7.0798
7.068
7.0579
7.0411
7.044
7.0499
7.0366
7.0561
7.0494
7.058
7.0491
7.053
7.0416
7.0535
7.058
7.0572
7.0696
7.067
7.0659
7.0723
7.0615
7.0657
7.0556
7.051
7.0611
7.068
7.078
7.0826
7.0811
7.0849
7.0851
7.0817
7.0881
7.0891
7.083
7.0919
7.0936
7.0868
7.088
7.0878
7.0856
7.0909
7.0885
7.0908
7.0933
7.0955
7.0992
7.1041
7.1034
7.1014
7.1016
7.0907
7.083
7.0823
7.0914
7.09
7.0828
7.0854
7.0942
7.0859
7.0883
7.0999
7.1061
7.1084
7.1093
7.1119
7.1131
7.1075
7.1142
7.119
7.1124
7.1178
7.114
7.1157
7.1203
7.1259
7.1182
7.1191
7.1262
7.1269
7.1195
7.1119
7.1092
7.1159
7.1141
7.1211
7.1151
7.1179
7.1061
7.1068
7.1058
7.1064
7.108
7.1046
7.098
7.1003
7.0943
7.1003
7.0971
7.1069
7.1079
7.105
7.1175
7.1199
7.1161
7.1241
7.1233
7.1157
7.1125
7.1129
7.1212
7.1156
7.1077
7.0985
7.1022
7.1027
7.103
7.103
7.1041
7.1129
7.1138
7.1121
7.1021
7.0871
7.083
7.0867
7.0795
7.0774
7.0713
7.0706
7.0788
7.0818
7.0717
7.0865
7.0714
7.0729
7.0896
7.0872
7.0829
7.0723
7.0888
7.0959
7.0924
7.1023
7.1066
7.1067
7.1089
7.1054
7.1071
7.1155
7.1186
7.1178
7.114
7.1158
7.1251
7.1295
7.1348
7.1398
7.1433
7.1454
7.1368
7.1369
7.1305
7.1426
7.1429
7.1405
7.1418
7.1368
7.1356
7.1384
7.1392
7.1447
7.1489
7.1475
7.1447
7.1388
7.1386
7.1411
7.1453
7.1457
7.1361
7.1374
7.1344
7.1295
7.1458
7.1495
7.1495
7.1589
7.1625
7.1622
7.1656
7.1593
7.1605
7.157
7.153
7.1585
7.14
7.1419
7.1443
7.1426
7.1498
7.1575
7.1587
7.1547
7.1565
7.1474
7.1421
7.1428
7.1347
7.1433
7.1419
7.1444
7.1411
7.1511
7.1546
7.1619
7.1603
7.157
7.1645
7.1607
7.162
7.1656
7.1551
7.1634
7.1617
7.1602
7.1533
7.1514
7.1534
7.1485
7.1557
7.1578
7.1682
7.1724
7.1742
7.1757
7.174
7.168
7.174
7.1714
7.1724
7.1714
7.1649
7.1723
7.1703
7.1662
7.1684
7.1747
7.179
7.177
7.1667
7.1675
7.1597
7.1609
7.1617
7.1588
7.1757
7.1777
7.1789
7.1788
7.1763
7.1715
7.1743
7.1776
7.1782
7.1741
7.1802
7.1763
7.1795
7.1897
7.1889
7.1893
7.1875
7.1747
7.1634
7.1659
7.164
7.147
7.1403
7.1444
7.1405
7.1361
7.1377
7.149
7.1547
7.1388
7.1468
7.1591
7.161
7.1431
7.1419
7.1358
7.1372
7.1327
7.1208
7.1096
7.1148
7.1358
7.1321
7.123
7.123
7.1327
7.1274
7.1265
7.1313
7.1222
7.1277
7.149
7.1469
7.1548
7.1475
7.15
7.1432
7.1447
7.1487
7.1378
7.1247
7.1198
7.1184
7.1203
7.1387
7.1302
7.1231
7.1396
7.1459
7.1455
7.1414
7.1535
7.152
7.1475
7.1526
7.1548
7.1541
7.1513
7.1479
7.1436
7.1482
7.1442
7.1454
7.159
7.1666
7.1682
7.1719
7.1682
7.1692
7.1647
7.1671
7.1663
7.1715
7.1734
7.1742
7.1731
7.1786
7.1803
7.1703
7.1655
7.1693
7.1698
7.1801
7.1839
7.1826
7.1851
7.1863
7.1836
7.1893
7.1839
7.1814
7.1902
7.1977
7.1979
7.1996
7.1973
7.1939
7.196
7.208
7.2102
7.2076
7.2083
7.2104
7.2078
7.2173
7.2194
7.2219
7.2182
7.2195
7.2203
7.2215
7.2277
7.2279
7.2314
7.2364
7.2279
7.2283
7.2283
7.221
7.2206
7.2184
7.2297
7.2319
7.234
7.2286
7.2305
7.233
7.2394
7.2418
7.2441
7.2451
7.2446
7.2462
7.2486
7.2449
7.2313
7.2347
7.2439
7.2447
7.2419
7.2507
7.2547
7.2534
7.2494
7.2512
7.2535
7.2525
7.2536
7.2623
7.2634
7.2602
7.2623
7.2609
7.2572
7.2519
7.2562
7.2632
7.2617
7.2572
7.256
7.2572
7.2511
7.2534
7.2528
7.2548
7.2611
7.2659
7.2668
7.2659
7.2629
7.2658
7.2605
7.264
7.2725
7.2612
7.2599
7.2588
7.2646
7.2712
7.2765
7.2782
7.2772
7.2779
7.2793
7.2782
7.2711
7.2678
7.2754
7.283
7.284
7.2831
7.286
7.2846
7.2837
7.2801
7.2789
7.2435
7.2491
7.2465
7.235
7.2256
7.2409
7.2385
7.2456
7.2463
